RUN = [
      0          0      17067     136533     119466    1
      8          0       1067     136533     135467    6
     16          0         67     136533     136467   10
     24         13       1528     136533     135006   13
     32         59       5486     136533     131047   16
     40        165      12765     136533     123769   18
     48        332      20368     136533     116165   20
     56        564      28461     136533     108073   22
     64        876      38341     136533      98192   24
     72       1268      48334     136533      88200   25
     80       1740      58333     136533      78200   26
     88       2285      67513     136533      69020   27
     96       2902      76524     136533      60009   27
    104       3579      84119     136533      52415   28
    112       4301      89867     136533      46667   28
    120       5063      94914     136533      41620   29
    128       5865      99916     136533      36617   29
    136       6708     105034     136533      31499   29
    144       7585     109338     136533      27195   30
    152       8499     113943     136533      22590   30
    160       9448     118332     136533      18201   30
    168      10426     122005     136533      14528   30
    176      11427     124930     136533      11603   30
    184      12440     126519     136533      10014   30
    192      13460     127439     136533       9095   30
    200      14488     128434     136533       8100   30
    208      15526     129668     136533       6866   30
    216      16574     130917     136533       5617   30
    224      17634     132401     136533       4132   30
    232      18704     133666     136533       2868   30
    240      19776     133979     136533       2554   30
    248      20842     133296     136533       3238   30
    256      21902     132550     136533       3984   30
    264      22963     132620     136533       3913   30
    272      24025     132742     136533       3791   31
    280      25094     133570     136533       2964   31
    288      26176     135145     136533       1388   30
    296      27263     135829     136533        704   30
    304      28346     135403     136533       1130   30
    312      29420     134322     136533       2211   31
    320      30494     134255     136533       2279   31
    328      31578     135422     136533       1111   31
    336      32669     136315     136533        218   30
    344      33763     136723     136533       -190   30
    352      34856     136631     136533        -98   30
    360      35946     136274     136533        260   30
    368      37029     135431     136533       1102   31
    376      38108     134910     136533       1624   31
    384      39192     135463     136533       1070   31
    392      40283     136318     136533        215   31
    400      41380     137075     136533       -541   30
    408      42478     137239     136533       -706   30
    416      43573     136898     136533       -364   30
    424      44664     136408     136533        126   31
    432      45749     135674     136533        859   31
    440      46836     135862     136533        671   31
    448      47930     136695     136533       -161   31
    456      49029     137332     136533       -799   30
    464      50128     137372     136533       -839   30
    472      51226     137258     136533       -724   30
    480      52319     136665     136533       -131   30
    488      53404     135690     136533        843   31
    496      54485     135160     136533       1373   31
    504      55570     135596     136533        937   31
    512      56663     136561     136533        -27   31
    520      57761     137207     136533       -674   30
    528      58861     137482     136533       -948   30
    536      59958     137147     136533       -614   30
    544      61051     136658     136533       -124   31
    552      62136     135690     136533        844   31
    560      63225     136098     136533        436   31
    568      64317     136475     136533         58   31
    576      65414     137084     136533       -551   30
    584      66511     137122     136533       -589   30
    592      67605     136773     136533       -240   30
    600      68696     136400     136533        133   31
    608      69784     136025     136533        508   31
    616      70871     135884     136533        649   31
    624      71963     136462     136533         72   31
    632      73061     137201     136533       -667   30
    640      74158     137130     136533       -596   30
    648      75251     136657     136533       -123   31
    656      76349     137213     136533       -680   30
    664      77447     137248     136533       -714   30
    672      78533     135844     136533        690   31
    680      79616     135404     136533       1129   31
    688      80704     135963     136533        571   31
    696      81797     136584     136533        -50   31
    704      82895     137208     136533       -675   30
    712      83995     137482     136533       -948   30
    720      85090     136913     136533       -380   30
    728      86176     135823     136533        711   31
    736      87257     135169     136533       1365   31
    744      88343     135714     136533        820   31
    752      89435     136451     136533         82   31
    760      90532     137083     136533       -550   30
    768      91630     137240     136533       -706   30
    776      92725     136898     136533       -364   30
    784      93815     136290     136533        243   31
    792      94902     135901     136533        632   31
    800      95992     136228     136533        305   31
    808      97087     136835     136533       -301   31
    816      98186     137341     136533       -808   30
    824      99285     137373     136533       -840   30
    832     100381     137023     136533       -490   30
    840     101474     136650     136533       -117   30
    848     102559     135689     136533        844   31
    856     103638     134926     136533       1607   31
    864     104723     135581     136533        952   31
    872     105812     136091     136533        442   31
    880     106905     136592     136533        -58   31
    888     108003     137209     136533       -676   30
    896     109103     137482     136533       -948   30
    904     110197     136796     136533       -262   31
    912     111283     135815     136533        718   31
    920     112369     135754     136533        779   31
    928     113460     136336     136533        197   31
    936     114555     136841     136533       -308   31
    944     115657     137693     136533      -1160   30
    952     116762     138098     136533      -1565   30
    960     117859     137186     136533       -652   30
    968     118948     136191     136533        342   31
    976     120030     135309     136533       1225   31
    984     121112     135254     136533       1280   31
    992     122196     135485     136533       1049   31
   1000     123286     136202     136533        331   31
   1008     124384     137185     136533       -651   31
   1016     125487     137832     136533      -1299   30
   1024     126589     137755     136533      -1222   30
   1032     127677     136110     136533        424   31
   1040     128758     135187     136533       1347   31
   1048     129840     135246     136533       1287   31
   1056     130926     135719     136533        815   31
   1064     132018     136451     136533         82   31
   1072     133117     137317     136533       -784   31
   1080     134219     137723     136533      -1190   30
   1088     135317     137280     136533       -746   30
   1096     136401     135611     136533        922   31
   1104     137482     135155     136533       1378   31
   1112     138566     135478     136533       1055   31
