RUN = [
      0          0      68326     273067     204741   -7
      4         -6      15956     273067     257110    6
      8         -4       4364     273067     268703   12
     12         19       5404     273067     267663   17
     16         58       8663     273067     264403   21
     20        123      14353     273067     258713   25
     24        223      22338     273067     250728   28
     28        365      32210     273067     240857   31
     32        548      42365     273067     230702   33
     36        772      52591     273067     220475   36
     40       1045      64335     273067     208731   38
     44       1365      76084     273067     196983   39
     48       1735      88396     273067     184671   41
     52       2151     100099     273067     172968   42
     56       2614     111837     273067     161229   43
     60       3122     123209     273067     149857   44
     64       3673     134115     273067     138952   45
     68       4263     144154     273067     128913   45
     72       4891     153788     273067     119278   46
     76       5552     162385     273067     110682   47
     80       6245     170534     273067     102533   47
     84       6968     178196     273067      94871   48
     88       7720     185549     273067      87518   48
     92       8500     192637     273067      80429   48
     96       9304     198909     273067      74157   49
    100      10129     204415     273067      68652   49
    104      10976     209916     273067      63150   49
    108      11843     215042     273067      58025   50
    112      12727     219510     273067      53556   50
    116      13630     224190     273067      48877   50
    120      14546     227798     273067      45269   50
    124      15476     231324     273067      41742   50
    128      16418     234456     273067      38611   51
    132      17374     237864     273067      35203   51
    136      18343     241154     273067      31913   51
    140      19325     244413     273067      28653   51
    144      20318     247291     273067      25776   51
    148      21321     249885     273067      23181   51
    152      22331     251846     273067      21220   51
    156      23347     253462     273067      19605   51
    160      24371     255365     273067      17701   51
    164      25401     256966     273067      16100   51
    168      26437     258492     273067      14575   51
    172      27478     259810     273067      13256   51
    176      28526     261453     273067      11614   51
    180      29578     262613     273067      10454   51
    184      30633     263466     273067       9601   51
    188      31690     264054     273067       9013   51
    192      32750     264763     273067       8303   51
    196      33814     265691     273067       7376   51
    200      34879     266110     273067       6956   51
    204      35949     267153     273067       5914   51
    208      37022     267976     273067       5091   51
    212      38097     268556     273067       4510   51
    216      39171     268514     273067       4553   51
    220      40247     268879     273067       4188   51
    224      41323     268970     273067       4097   51
    228      42401     269367     273067       3699   51
    232      43480     269654     273067       3412   51
    236      44562     270289     273067       2778   51
    240      45645     270635     273067       2432   51
    244      46729     270909     273067       2158   51
    248      47812     270790     273067       2277   51
    252      48895     270760     273067       2307   51
    256      49978     270752     273067       2314   51
    260      51062     270938     273067       2129   51
    264      52148     271360     273067       1707   51
    268      53235     271652     273067       1414   51
    272      54323     271913     273067       1154   51
    276      55410     271791     273067       1276   51
    280      56496     271573     273067       1494   51
    284      57583     271706     273067       1361   51
    288      58669     271551     273067       1515   52
    292      59757     271888     273067       1179   51
    296      60847     272347     273067        720   51
    300      61939     272837     273067        230   51
    304      63030     272772     273067        295   51
    308      64119     272380     273067        686   51
    312      65208     272283     273067        784   51
    316      66296     272071     273067        996   52
    320      67385     272205     273067        862   52
    324      68478     272989     273067         78   51
    328      69572     273372     273067       -306   51
    332      70666     273468     273067       -401   51
    336      71758     273117     273067        -50   51
    340      72849     272842     273067        225   51
    344      73938     272398     273067        669   51
    348      75027     272287     273067        780   52
    352      76116     272259     273067        807   52
    356      77209     273002     273067         64   51
    360      78303     273376     273067       -309   51
    364      79396     273281     273067       -215   51
    368      80487     272883     273067        184   51
    372      81576     272408     273067        658   52
    376      82665     272290     273067        777   52
    380      83756     272635     273067        432   52
    384      84850     273284     273067       -217   51
    388      85945     273633     273067       -567   51
    392      87039     273533     273067       -467   51
    396      88130     272946     273067        121   51
    400      89219     272424     273067        643   52
    404      90307     272106     273067        961   52
    408      91397     272401     273067        665   52
    412      92488     272663     273067        404   52
    416      93583     273478     273067       -412   51
    420      94677     273495     273067       -428   51
    424      95770     273311     273067       -244   51
    428      96861     272890     273067        176   51
    432      97949     272223     273067        844   52
    436      99038     272243     273067        824   52
    440     100128     272436     273067        631   52
    444     101221     273046     273067         20   51
    448     102315     273387     273067       -320   51
    452     103408     273284     273067       -217   51
    456     104499     272884     273067        183   52
    460     105588     272408     273067        658   52
    464     106678     272477     273067        590   52
    468     107769     272682     273067        385   52
    472     108861     272920     273067        146   52
    476     109956     273543     273067       -476   51
    480     111049     273323     273067       -256   51
    484     112142     273268     273067       -202   51
    488     113230     272317     273067        750   52
    492     114318     272079     273067        987   52
    496     115408     272395     273067        672   52
    500     116499     272661     273067        405   52
    504     117592     273103     273067        -36   52
    508     118687     273588     273067       -522   51
    512     119781     273522     273067       -455   51
    516     120872     272943     273067        124   52
    520     121962     272611     273067        456   52
    524     123052     272528     273067        539   52
    528     124143     272694     273067        372   52
    532     125236     273111     273067        -44   52
    536     126331     273590     273067       -524   51
    540     127426     273710     273067       -643   51
    544     128519     273365     273067       -298   51
    548     129609     272716     273067        350   52
    552     130698     272367     273067        700   52
    556     131788     272467     273067        600   52
