TEST = [
      0          0          0          0          0  127
      2         39      19500          0          0  127
      4        160      60500          0          0  127
      6        358      99000          0          0  127
      8        630     136000          0          0  127
     10        972     171000          0          0  127
     12       1378     203000          0          0  127
     14       1847     234500          0          0  127
     16       2372     262500          0          0  127
     18       2953     290500          0          0  127
     20       3584     315500          0          0  127
     22       4264     340000          0          0  127
     24       4989     362500          0          0  127
     26       5756     383500          0          0  127
     28       6563     403500          0          0  127
     30       7408     422500          0          0  127
     32       8289     440500          0          0  127
     34       9204     457500          0          0  127
     36      10151     473500          0          0  127
     38      11130     489500          0          0  127
     40      12137     503500          0          0  127
     42      13170     516500          0          0  127
     44      14230     530000          0          0  127
     46      15312     541000          0          0  127
     48      16416     552000          0          0  127
     50      17543     563500          0          0  127
     52      18690     573500          0          0  127
     54      19857     583500          0          0  127
     56      21042     592500          0          0  127
     58      22244     601000          0          0  127
     60      23462     609000          0          0  127
     62      24694     616000          0          0  127
     64      25942     624000          0          0  127
     66      27203     630500          0          0  127
     68      28478     637500          0          0  127
     70      29766     644000          0          0  127
     72      31067     650500          0          0  127
     74      32379     656000          0          0  127
     76      33701     661000          0          0  127
     78      35034     666500          0          0  127
     80      36377     671500          0          0  127
     82      37730     676500          0          0  127
     84      39092     681000          0          0  127
     86      40461     684500          0          0  127
     88      41839     689000          0          0  127
     90      43225     693000          0          0  127
     92      44617     696000          0          0  127
     94      46015     699000          0          0  127
     96      47419     702000          0          0  127
     98      48827     704000          0          0  127
    100      50243     708000          0          0  127
    102      51662     709500          0          0  127
    104      53087     712500          0          0  127
    106      54517     715000          0          0  127
    108      55951     717000          0          0  127
    110      57387     718000          0          0  127
    112      58829     721000          0          0  127
    114      60275     723000          0          0  127
    116      61725     725000          0          0  127
    118      63177     726000          0          0  127
    120      64632     727500          0          0  127
    122      66089     728500          0          0  127
    124      67550     730500          0          0  127
    126      69014     732000          0          0  127
    128      70479     732500          0          0  127
    130      71947     734000          0          0  127
    132      73417     735000          0          0  127
    134      74887     735000          0          0  127
    136      76362     737500          0          0  127
    138      77839     738500          0          0  127
    140      79317     739000          0          0  127
    142      80796     739500          0          0  127
    144      82277     740500          0          0  127
    146      83758     740500          0          0  127
    148      85242     742000          0          0  127
    150      86730     744000          0          0  127
    152      88216     743000          0          0  127
    154      89704     744000          0          0  127
    156      91193     744500          0          0  127
    158      92683     745000          0          0  127
    160      94175     746000          0          0  127
    162      95669     747000          0          0  127
    164      97163     747000          0          0  127
    166      98657     747000          0          0  127
    168     100153     748000          0          0  127
    170     101650     748500          0          0  127
    172     103147     748500          0          0  127
    174     104647     750000          0          0  127
    176     106146     749500          0          0  127
    178     107646     750000          0          0  127
    180     109146     750000          0          0  127
    182     110649     751500          0          0  127
    184     112151     751000          0          0  127
    186     113654     751500          0          0  127
    188     115157     751500          0          0  127
    190     116661     752000          0          0  127
    192     118166     752500          0          0  127
    194     119673     753500          0          0  127
    196     121179     753000          0          0  127
    198     122685     753000          0          0  127
    200     124192     753500          0          0  127
    202     125700     754000          0          0  127
    204     127209     754500          0          0  127
    206     128719     755000          0          0  127
    208     130228     754500          0          0  127
    210     131737     754500          0          0  127
    212     133247     755000          0          0  127
    214     134758     755500          0          0  127
    216     136269     755500          0          0  127
    218     137781     756000          0          0  127
    220     139292     755500          0          0  127
    222     140804     756000          0          0  127
    224     142316     756000          0          0  127
    226     143829     756500          0          0  127
    228     145342     756500          0          0  127
    230     146854     756000          0          0  127
    232     148367     756500          0          0  127
    234     149881     757000          0          0  127
    236     151395     757000          0          0  127
    238     152910     757500          0          0  127
    240     154423     756500          0          0  127
    242     155937     757000          0          0  127
    244     157450     756500          0          0  127
    246     158965     757500          0          0  127
    248     160481     758000          0          0  127
    250     161996     757500          0          0  127
    252     163510     757000          0          0  127
    254     165023     756500          0          0  127
    256     166539     758000          0          0  127
    258     168054     757500          0          0  127
    260     169570     758000          0          0  127
    262     171085     757500          0          0  127
    264     172599     757000          0          0  127
    266     174114     757500          0          0  127
    268     175630     758000          0          0  127
    270     177147     758500          0          0  127
    272     178663     758000          0          0  127
    274     180178     757500          0          0  127
    276     181692     757000          0          0  127
    278     183208     758000          0          0  127
